,M,So,Ed,Po1,Po2,LF,M.F,Pop,NW,U1,U2,Wealth,Ineq,Prob,Time,Crime,row
count,47.0,47.0,47.0,47.0,47.0,47.0,47.0,47.0,47.0,47.0,47.0,47.0,47.0,47.0,47.0,47.0,47.0
mean,13.85744680851064,0.3404255319148936,10.56382978723404,8.500000000000002,8.02340425531915,0.5611914893617022,98.30212765957448,36.61702127659574,10.112765957446806,0.09546808510638302,3.397872340425531,5253.829787234043,19.399999999999995,0.04709138297872339,26.59792127659575,905.0851063829788,23.0
std,1.2567633862687437,0.4789751624985074,1.1186998532681263,2.971897359103016,2.7961318596416795,0.04041181397318294,2.946736541365433,38.0711880055208,10.282881871074279,0.018028782620443568,0.844544992417998,964.9094420034165,3.9896060609713246,0.02273697220632088,7.086895193332308,386.7626971461865,13.711309200802088
min,11.9,0.0,8.7,4.5,4.1,0.48,93.4,3.0,0.2,0.07,2.0,2880.0,12.6,0.0069,12.1996,342.0,0.0
20%,12.719999999999999,0.0,9.14,5.859999999999999,5.6,0.5236000000000001,96.4,9.0,2.24,0.07819999999999999,2.7,4322.0,16.22,0.029819200000000004,21.059560000000005,568.4,9.200000000000001
40%,13.34,0.0,10.4,7.140000000000001,6.74,0.5408,97.2,20.200000000000006,4.48,0.0874,3.24,5004.0,17.04,0.041039000000000006,24.7196,768.8000000000001,18.400000000000002
50%,13.6,0.0,10.8,7.8,7.3,0.56,97.7,25.0,7.6,0.092,3.4,5370.0,17.6,0.0421,25.8006,831.0,23.0
60%,14.059999999999999,0.0,10.9,8.499999999999998,8.02,0.5728,98.4,32.199999999999996,8.619999999999997,0.0982,3.5,5620.0,19.84,0.0460796,27.900819999999996,905.8,27.599999999999998
80%,14.88,1.0,11.6,10.9,10.040000000000001,0.5982,99.76,46.800000000000004,16.900000000000002,0.10780000000000002,4.0,6194.0,23.62,0.06652040000000005,31.93902,1203.0000000000002,36.800000000000004
max,17.7,1.0,12.2,16.6,15.7,0.6409999999999999,107.1,168.0,42.3,0.142,5.8,6890.0,27.6,0.119804,44.0004,1993.0,46.0
